Ganesh Ganesh2005* 2100 200 400 1 0 3 200 1 2100 1 400 1 200
ganesho Ganesh2005* -1 -1 -1 -1 -1 -1 -1 -1 -1 -1 -1 -1 -1 
Harivansh_B Harivansh1111@ 1000 -1 -1 1 1000 1 1000 1 100 -1 -1 -1 -1
HarishB Harish2005# -1 -1 -1 -1 -1 -1 -1 -1 -1 -1 -1 -1 -1 
Bhavesh Bhavesh777& -1 -1 -1 -1 -1 -1 -1 -1 -1 -1 -1 -1 -1 
Chandrapr Chand2005% -1 -1 -1 -1 -1 -1 -1 -1 -1 -1 -1 -1 -1 
Mayur Rest@123 -1 -1 -1 -1 -1 -1 -1 -1 -1 -1 -1 -1 -1 
Mehanth Rest@123 -1 -1 -1 -1 -1 -1 -1 -1 -1 -1 -1 -1 -1 
Harivansh_06 Python@6 -1 -1 -1 -1 -1 -1 -1 -1 -1 -1 -1 -1 -1 
Asfar Asfar#007 -1 -1 -1 -1 -1 -1 -1 -1 -1 -1 -1 -1 -1 
Optimus_Prime Optimus*888 -1 -1 -1 -1 -1 -1 -1 -1 -1 -1 -1 -1 -1 
Harivansh9 Pypy@1234 -1 -1 -1 -1 -1 -1 -1 -1 -1 -1 -1 -1 -1 
